1 -0.0468208 -0.0189004
2 -0.0377871 -0.0111072
3 -0.0453613 -0.019415
4 -0.04435 -0.0176357
5 0.0181414 0.0258851
6 0.0649552 0.0343078
7 0.0319816 -0.00717942
8 -0.110058 -0.0672109
9 -0.294925 -0.17116
10 -0.267389 -0.080611
11 -0.0514827 0.0589941
12 0.0821793 0.0670168
13 0.0294454 -0.0230673
14 0 -0.0166964
15 -0.0497866 -0.0461559
16 0.0989862 0.0788896
17 0.237812 0.118936
18 0.264419 0.0846756
19 0.202839 0.0329551
20 0 -0.0438325
21 0.0949954 0.0641821
22 0.0466838 -0.0071674
23 0 -0.0205214
24 -0.0383411 -0.0290701
25 -0.0813403 -0.0446465
26 0 0.0294914
27 0.0356305 0.022253
28 0.276695 0.134067
29 0.565238 0.293486
30 0 -0.217597
31 0.283697 0.209923
32 0.0446112 -0.0222068
33 -0.447118 -0.323071
34 -0.422361 -0.113273
35 -0.300932 -0.0411852
36 -0.338414 -0.119378
37 -0.483938 -0.211092
38 -0.564105 -0.204248
39 -0.394033 -0.0731042
40 -0.193861 -0.00295072
41 -0.0872994 -0.00929995
42 0 0.00918519
43 0.278889 0.172276
44 0.324089 0.0956023
45 0 -0.149341
46 0.247833 0.109168
47 0.24466 0.0598276
48 0.0707031 -0.0599665
49 -0.0564291 -0.0799404
50 -0.08616 -0.0507608
51 -0.143799 -0.0806536
52 -0.130854 -0.0498449
53 -0.0916827 -0.0285202
54 0.0326279 0.0186193
55 0 -0.0290824
56 0.221912 0.141526
57 0.245117 0.0714561
58 0.18204 0.0198407
59 0.161224 0.0321123
60 0.0785811 -0.0166252
61 -0.0645847 -0.08443
62 -0.0625663 -0.0274059
63 -0.159981 -0.0975996
64 -0.25215 -0.125674
65 -0.155353 -0.0226017
66 -0.0375854 0.0207412
67 0 -5.61775e-05
68 0.107814 0.0614573
