1 0.75 0 0.3225
2 0.75 0 0.33
3 0.75 0 0.345
4 0.75 0 0.3525
5 0.75 0 0.36
6 0.75 0 0.3675
7 0.75 0 0.375
8 0.738257 0 0.384481
9 0.497092 0 0.257986
10 0.75 0 0.452818
11 0.46081 0 0.247789
12 0.75 0 0.472182
13 0.177192 0 0.101072
14 -1.65368 0.641331 0
15 0.75 0 0.871278
16 -0.0851167 0.0696228 0
17 0.398012 0 0.367101
18 0.744229 0 0.468337
19 0.353337 0 0.187637
20 -2.13508 0.896676 0
21 0.75 0 0.946462
22 0.00594011 0.0397281 0
23 -2.54115 1 0
24 0.75 0 1
25 -0.295163 0.226198 0
26 -2.587 1 0
27 0.75 0 0.997671
28 0.19231 0 0.0831575
29 0.387716 0 0.250277
30 -1.44135 0.809205 0
31 0.75 0 0.769352
32 0.217564 0 0.0958369
33 -0.430519 0.211671 0
34 0.75 0 0.574732
35 0.75 0 0.346128
36 0.538908 0 0.235416
37 0.75 0 0.401235
38 0.75 0 0.374017
39 0.327119 0 0.144703
40 0.75 0 0.469364
41 0.75 0 0.392288
42 -2.96067 1 0
43 0.75 0 1
44 0.0409167 0.0194053 0
45 -2.6872 1 0
46 0.75 0 0.702438
47 0.75 0 0.366219
48 -0.217566 0.168118 0
49 0.75 0 0.565056
50 0.75 0 0.379043
51 0.31261 0 0.141604
52 0.75 0 0.477147
53 0.75 0 0.397169
54 0.0977563 0 0.105614
55 -1.48473 0.714379 0
56 0.75 0 0.838724
57 0.370143 0 0.186557
58 -0.704806 0.335742 0
59 0.75 0 0.686891
60 0.75 0 0.40343
61 -0.0511181 0.037696 0
62 0.75 0 0.498031
63 0.75 0 0.425419
64 0.518794 0 0.303443
65 0.521849 0 0.356583
66 0.49291 0 0.344985
67 -2.58624 1 0
68 0.75 0 1
